0.66156757
0.5957086
-0.124628864
0.99968475
0.25757265
0.7264611
-0.077092536
0.9986919
0.9043293
0.7630317
-0.6082628
0.9805935
0.18064848
1.0738949
-0.04459102
0.62322474
0.58289933
0.5258769
-0.9774151
0.97918564
0.16698037
1.479789
-0.34699577
0.32799378
0.50579125
0.45741123
-1.0864851
0.94953907
0.14338173
1.5990213
-0.41084307
0.31522414
0.48991594
0.45186812
-0.9326705
0.9550153
0.1749521
1.5892042
-0.4978126
0.41456372
0.49883056
0.48361826
-0.93414146
0.9475085
0.19371173
1.5494435
-0.39650762
0.4233658
0.5754973
0.5141549
1.5013237e-07
0.5742661
0.45188645
-0.003803862
0.5561974
0.40651608
-0.0066358475
0.5338144
0.374055
-0.010131813
0.52992785
0.34341568
-0.0136706
0.48623514
0.42132318
0.002728003
0.4417975
0.41382927
0.001159354
0.4180416
0.41109255
-0.0024111795
0.39909464
0.40807956
-0.005489111
0.47620818
0.45207334
4.0794148e-05
0.42792025
0.44055742
0.0014307111
0.4026463
0.4354834
-3.846754e-05
0.3834164
0.43011886
-0.0019924259
0.47259197
0.4851473
-0.0035186803
0.42853314
0.47271425
-0.0030235408
0.4038208
0.46545976
-0.004166333
0.38532612
0.45841974
-0.0057573756
0.47340712
0.5201616
-0.007876041
0.43770915
0.50701684
-0.007128696
0.4193719
0.49823466
-0.004782026
0.4050352
0.48929316
-0.0031364555
0.0
0.0
0.0
0.0
0.0
0.0
0.0
0.0
0.0
0.0
0.0
0.0
0.0
0.0
0.0
0.0
0.0
0.0
0.0
0.0
0.0
0.0
0.0
0.0
0.0
0.0
0.0
0.0
0.0
0.0
0.0
0.0
0.0
0.0
0.0
0.0
0.0
0.0
0.0
0.0
0.0
0.0
0.0
0.0
0.0
0.0
0.0
0.0
0.0
0.0
0.0
0.0
0.0
0.0
0.0
0.0
0.0
0.0
0.0
0.0
0.0
0.0
0.0
0.6732606
0.6033116
-0.15071622
0.99967074
0.26274106
0.7202868
-0.07986108
0.9987139
0.910361
0.7862964
-0.62047505
0.9803695
0.18221042
1.0652816
-0.045283347
0.60927546
0.5832859
0.53450614
-1.014029
0.98011607
0.16834691
1.4773182
-0.35644656
0.33522913
0.506944
0.45873165
-1.1268886
0.9506609
0.14376214
1.5967848
-0.42184693
0.32918712
0.4911608
0.45383203
-0.97206545
0.95621115
0.17707606
1.5862978
-0.50817573
0.43191272
0.5003143
0.48861027
-0.9707695
0.94892275
0.19669373
1.5466716
-0.40603057
0.4384422
0.574795
0.51574695
1.8316652e-07
0.57394993
0.4539075
-0.0038947796
0.55605346
0.40728965
-0.007300281
0.5332037
0.37377045
-0.011174111
0.5280568
0.3415135
-0.015124346
0.4871995
0.42148262
-0.00020071384
0.4424242
0.41614884
-0.00365046
0.41666162
0.41329992
-0.007717766
0.3965217
0.4095125
-0.011039868
0.4765895
0.45225498
-0.00273352
0.4293629
0.44246498
-0.004673417
0.40337023
0.43713012
-0.0072236075
0.3836917
0.43118876
-0.009390955
0.47286043
0.4856543
-0.005910181
0.42897093
0.4743644
-0.008176383
0.4047512
0.4668882
-0.009729812
0.38619727
0.459405
-0.011068248
0.47437626
0.5198146
-0.009631923
0.4397765
0.5076261
-0.011073964
0.42112043
0.49960855
-0.009878589
0.40591007
0.49124372
-0.008598977
0.0
0.0
0.0
0.0
0.0
0.0
0.0
0.0
0.0
0.0
0.0
0.0
0.0
0.0
0.0
0.0
0.0
0.0
0.0
0.0
0.0
0.0
0.0
0.0
0.0
0.0
0.0
0.0
0.0
0.0
0.0
0.0
0.0
0.0
0.0
0.0
0.0
0.0
0.0
0.0
0.0
0.0
0.0
0.0
0.0
0.0
0.0
0.0
0.0
0.0
0.0
0.0
0.0
0.0
0.0
0.0
0.0
0.0
0.0
0.0
0.0
0.0
0.0
0.6750641
0.6049829
-0.13991462
0.99965954
0.26922333
0.70705706
-0.08072413
0.9987226
0.9121065
0.7869946
-0.5905627
0.98050886
0.1881913
1.051011
-0.051954776
0.602785
0.58345544
0.53550136
-0.9779752
0.9811138
0.18472788
1.4682636
-0.36038446
0.34062222
0.5107971
0.4591013
-1.0918486
0.9518483
0.16363683
1.5896059
-0.42568487
0.33701935
0.49829525
0.45371953
-0.939573
0.95729864
0.19746867
1.5721258
-0.50890183
0.44137675
0.5077349
0.4884536
-0.9358038
0.9502139
0.21593615
1.5327233
-0.407832
0.44639802
0.5729578
0.5169756
2.0021876e-07
0.57325315
0.45513344
-0.0056779045
0.5565723
0.40846434
-0.010272713
0.5340104
0.37436846
-0.015106594
0.5291054
0.34094605
-0.019999754
0.48736152
0.42121896
-0.0019861134
0.4439493
0.4161271
-0.006504135
0.4183987
0.4137646
-0.011410113
0.3978063
0.41051313
-0.015363983
0.47659633
0.45206165
-0.0040584058
0.43158686
0.44083613
-0.00693589
0.40659836
0.43453985
-0.009940065
0.387256
0.4278853
-0.012399696
0.4726408
0.48588198
-0.0069919885
0.42988348
0.47454035
-0.010256149
0.40603468
0.46671137
-0.011796707
0.387544
0.45863113
-0.012952668
0.47373086
0.5208101
-0.010658987
0.43934914
0.5080179
-0.012928863
0.42110774
0.4990293
-0.011843134
0.40627235
0.48933464
-0.010521389
0.0
0.0
0.0
0.0
0.0
0.0
0.0
0.0
0.0
0.0
0.0
0.0
0.0
0.0
0.0
0.0
0.0
0.0
0.0
0.0
0.0
0.0
0.0
0.0
0.0
0.0
0.0
0.0
0.0
0.0
0.0
0.0
0.0
0.0
0.0
0.0
0.0
0.0
0.0
0.0
0.0
0.0
0.0
0.0
0.0
0.0
0.0
0.0
0.0
0.0
0.0
0.0
0.0
0.0
0.0
0.0
0.0
0.0
0.0
0.0
0.0
0.0
0.0
0.678721
0.6056277
-0.12930632
0.9996501
0.2747902
0.7022285
-0.08116344
0.99873406
0.9152807
0.7894127
-0.5837778
0.9810948
0.19108726
1.041795
-0.052787114
0.6007768
0.5845293
0.53790194
-0.97445285
0.9821104
0.18677516
1.4629663
-0.35588965
0.34683028
0.5124364
0.46016502
-1.0862228
0.95299786
0.165745
1.585623
-0.41959786
0.34396577
0.5009674
0.45375013
-0.933015
0.9582784
0.19941898
1.5660614
-0.5042343
0.44922757
0.510517
0.48845273
-0.9311841
0.9513653
0.21759728
1.5265114
-0.4039616
0.4532371
0.5740593
0.5164837
2.001241e-07
0.5760679
0.45387456
-0.0051195472
0.55799687
0.4085392
-0.008856929
0.5353972
0.37501052
-0.01290506
0.53165704
0.34121943
-0.016960366
0.4881484
0.42033038
-0.0005730226
0.44498038
0.41507894
-0.0044556814
0.41903743
0.41254124
-0.00905071
0.39827463
0.40966955
-0.012851855
0.4767945
0.45120403
-0.0026607276
0.43115407
0.44163668
-0.0050380593
0.4054812
0.43628
-0.007830554
0.38596168
0.43077284
-0.010050712
0.47218204
0.4850062
-0.005579453
0.4289993
0.474406
-0.008472593
0.4052245
0.46719888
-0.009798038
0.38705105
0.45992544
-0.0106399
0.47291973
0.52016175
-0.009203711
0.4383426
0.5074013
-0.011280897
0.4200918
0.49853402
-0.010035675
0.4055305
0.48887053
-0.008410816
0.0
0.0
0.0
0.0
0.0
0.0
0.0
0.0
0.0
0.0
0.0
0.0
0.0
0.0
0.0
0.0
0.0
0.0
0.0
0.0
0.0
0.0
0.0
0.0
0.0
0.0
0.0
0.0
0.0
0.0
0.0
0.0
0.0
0.0
0.0
0.0
0.0
0.0
0.0
0.0
0.0
0.0
0.0
0.0
0.0
0.0
0.0
0.0
0.0
0.0
0.0
0.0
0.0
0.0
0.0
0.0
0.0
0.0
0.0
0.0
0.0
0.0
0.0
0.6792886
0.60555404
-0.13360265
0.99964625
0.27693152
0.69697297
-0.0813227
0.9987514
0.91551745
0.7950823
-0.58856213
0.98162174
0.19277059
1.0395541
-0.052596353
0.6064409
0.58489597
0.5386942
-0.9815319
0.98300576
0.19027238
1.4508572
-0.3551144
0.3535347
0.5126702
0.46275845
-1.0951154
0.95401275
0.17036846
1.5751457
-0.42024222
0.35052672
0.5017501
0.45406717
-0.9453446
0.95915854
0.20400698
1.5526756
-0.50335
0.4566619
0.51144224
0.48845488
-0.939268
0.95243967
0.22142164
1.5124513
-0.40225095
0.4599372
0.5741506
0.5177399
2.079499e-07
0.57683516
0.45419097
-0.005238932
0.5590629
0.40858278
-0.008739173
0.53610617
0.37505394
-0.012377938
0.5331382
0.34185946
-0.015826933
0.48767903
0.42195487
0.0004968067
0.4447689
0.41633582
-0.0021095762
0.4193175
0.413813
-0.005802393
0.39959377
0.41105598
-0.0089749
0.4760064
0.4533848
-0.000865771
0.4306532
0.4433626
-0.0018602496
0.40557465
0.43769202
-0.0035469893
0.3866647
0.43148282
-0.00500821
0.47132123
0.48695526
-0.0031101191
0.42871404
0.47594923
-0.0048102513
0.40560794
0.46845627
-0.0055714794
0.38808888
0.46105915
-0.006103848
0.47213823
0.52058905
-0.0061057755
0.4381928
0.50739014
-0.007099439
0.42057216
0.49860305
-0.0054463535
0.4065203
0.48916495
-0.0036110529
0.0
0.0
0.0
0.0
0.0
0.0
0.0
0.0
0.0
0.0
0.0
0.0
0.0
0.0
0.0
0.0
0.0
0.0
0.0
0.0
0.0
0.0
0.0
0.0
0.0
0.0
0.0
0.0
0.0
0.0
0.0
0.0
0.0
0.0
0.0
0.0
0.0
0.0
0.0
0.0
0.0
0.0
0.0
0.0
0.0
0.0
0.0
0.0
0.0
0.0
0.0
0.0
0.0
0.0
0.0
0.0
0.0
0.0
0.0
0.0
0.0
0.0
0.0
0.68212056
0.6065026
-0.13334587
0.9996459
0.2776696
0.695538
-0.086537585
0.9987755
0.9166504
0.79874915
-0.5965236
0.98200244
0.19323994
1.0397537
-0.062472694
0.60664946
0.5884901
0.5395901
-1.0086877
0.983825
0.19455513
1.4494416
-0.3700998
0.3619436
0.5172702
0.46466085
-1.1282178
0.95512396
0.17563225
1.5743171
-0.4382105
0.36021876
0.5058151
0.45431572
-0.9744781
0.96014655
0.20993237
1.5510643
-0.5185274
0.46726117
0.5158292
0.4884717
-0.96646965
0.9536149
0.22685881
1.5107645
-0.41541535
0.46946728
0.57533324
0.51847565
2.0212438e-07
0.57787436
0.45556715
-0.005368651
0.5612849
0.40895122
-0.0088340305
0.53934383
0.37544838
-0.012594826
0.53487957
0.34285465
-0.016296865
0.48860896
0.4228071
0.00082534365
0.44687235
0.41685367
-0.0023737198
0.42174217
0.41410398
-0.0067106057
0.40194482
0.41053134
-0.010468303
0.4767606
0.45397323
-0.0011003197
0.43243003
0.44441196
-0.0030682872
0.40729016
0.4385856
-0.005763679
0.38803342
0.43209377
-0.008051709
0.4722777
0.48776698
-0.0040439446
0.4302061
0.47621
-0.006996184
0.4067433
0.46804523
-0.008647679
0.38815165
0.45963508
-0.009779834
0.4733557
0.5222712
-0.0077260775
0.4394849
0.50852823
-0.010108544
0.4211645
0.49897888
-0.009331682
0.4059311
0.48847932
-0.008116859
0.0
0.0
0.0
0.0
0.0
0.0
0.0
0.0
0.0
0.0
0.0
0.0
0.0
0.0
0.0
0.0
0.0
0.0
0.0
0.0
0.0
0.0
0.0
0.0
0.0
0.0
0.0
0.0
0.0
0.0
0.0
0.0
0.0
0.0
0.0
0.0
0.0
0.0
0.0
0.0
0.0
0.0
0.0
0.0
0.0
0.0
0.0
0.0
0.0
0.0
0.0
0.0
0.0
0.0
0.0
0.0
0.0
0.0
0.0
0.0
0.0
0.0
0.0
0.68261254
0.6064161
-0.10736474
0.9996529
0.27762914
0.6957017
-0.08972959
0.9988058
0.9177232
0.80023694
-0.55771565
0.9826903
0.19324122
1.0431043
-0.07100042
0.60830575
0.58905184
0.5403332
-0.96420896
0.9847042
0.20391425
1.4473597
-0.38138968
0.3689715
0.5174778
0.46641192
-1.0837445
0.95656806
0.18881759
1.5717635
-0.4499951
0.36766398
0.5061787
0.45436722
-0.9306129
0.9613846
0.22295892
1.5450951
-0.529353
0.4744736
0.5164776
0.4882859
-0.9215034
0.9550665
0.2383972
1.5044456
-0.42523083
0.47640485
0.5760864
0.51832616
2.021472e-07
0.57858187
0.45550296
-0.005323361
0.5622371
0.4090532
-0.009153724
0.54002726
0.3754874
-0.013178096
0.53552717
0.3426202
-0.017140834
0.48998472
0.42226565
-0.00027682888
0.4475281
0.41646904
-0.0036330929
0.4225735
0.41346845
-0.0078932615
0.40315756
0.40976304
-0.01154525
0.47798067
0.45382383
-0.002110748
0.4331559
0.4448355
-0.004098077
0.40815407
0.43934882
-0.0066565285
0.38951486
0.43343204
-0.008849385
0.47357446
0.4880053
-0.004846465
0.4304952
0.47596622
-0.0077321907
0.4065864
0.46768945
-0.009431169
0.38818854
0.45943937
-0.010659775
0.4749634
0.5228338
-0.008232777
0.44077182
0.5091922
-0.010568525
0.4227229
0.4995606
-0.00978438
0.4081168
0.4889888
-0.008563612
0.0
0.0
0.0
0.0
0.0
0.0
0.0
0.0
0.0
0.0
0.0
0.0
0.0
0.0
0.0
0.0
0.0
0.0
0.0
0.0
0.0
0.0
0.0
0.0
0.0
0.0
0.0
0.0
0.0
0.0
0.0
0.0
0.0
0.0
0.0
0.0
0.0
0.0
0.0
0.0
0.0
0.0
0.0
0.0
0.0
0.0
0.0
0.0
0.0
0.0
0.0
0.0
0.0
0.0
0.0
0.0
0.0
0.0
0.0
0.0
0.0
0.0
0.0
0.6827236
0.60623825
-0.106035076
0.99965906
0.277461
0.6937454
-0.104166165
0.9988238
0.92097414
0.8021782
-0.56044185
0.9832374
0.19323258
1.0432869
-0.08817108
0.6111771
0.5904891
0.5407918
-0.9750298
0.9854376
0.20631722
1.4413464
-0.39330828
0.3705306
0.5187986
0.46745417
-1.0942963
0.9575888
0.19333506
1.5635716
-0.4606061
0.3686405
0.50765306
0.45440277
-0.9395757
0.96225095
0.22612731
1.5352329
-0.5386135
0.4755263
0.5181008
0.48823535
-0.93165874
0.95605046
0.24057288
1.495274
-0.4360258
0.47709733
0.57589924
0.5185321
2.0694836e-07
0.57810766
0.45570976
-0.004984063
0.5617911
0.40938202
-0.008531293
0.5399349
0.37522626
-0.012320409
0.53531235
0.34162205
-0.0160892
0.49087906
0.42192748
0.00034205645
0.44842306
0.41540086
-0.0029584388
0.4231192
0.413163
-0.007378216
0.4031019
0.41048345
-0.011156422
0.4788151
0.45322716
-0.0015948518
0.43397757
0.4420594
-0.0034048595
0.40860912
0.43547577
-0.006308506
0.3895892
0.4290261
-0.008835411
0.4741992
0.4873786
-0.0043941787
0.43176743
0.47489378
-0.007025518
0.4075414
0.4663895
-0.0091429455
0.38871652
0.45807058
-0.01078558
0.47515076
0.5222385
-0.007822709
0.44163087
0.5075459
-0.009886848
0.42364132
0.49808156
-0.009166296
0.40893447
0.48809502
-0.008124636
0.0
0.0
0.0
0.0
0.0
0.0
0.0
0.0
0.0
0.0
0.0
0.0
0.0
0.0
0.0
0.0
0.0
0.0
0.0
0.0
0.0
0.0
0.0
0.0
0.0
0.0
0.0
0.0
0.0
0.0
0.0
0.0
0.0
0.0
0.0
0.0
0.0
0.0
0.0
0.0
0.0
0.0
0.0
0.0
0.0
0.0
0.0
0.0
0.0
0.0
0.0
0.0
0.0
0.0
0.0
0.0
0.0
0.0
0.0
0.0
0.0
0.0
0.0
0.68245184
0.60623926
-0.10805972
0.99966776
0.27678448
0.6939835
-0.11436006
0.99884385
0.92160213
0.80112815
-0.5655937
0.98375577
0.19315037
1.0434473
-0.0949031
0.6134582
0.59197456
0.5412125
-1.0038947
0.98608875
0.2042968
1.4422036
-0.40113893
0.37240377
0.5198334
0.46821803
-1.1279771
0.9583782
0.18989357
1.5641464
-0.46810064
0.37023562
0.5085952
0.4544295
-0.9708625
0.962969
0.22239776
1.5360554
-0.5496808
0.47781736
0.51908964
0.48819557
-0.9601814
0.9568548
0.2373795
1.4959487
-0.44546032
0.47885537
0.57583165
0.5187401
1.9011742e-07
0.57874215
0.455878
-0.004586728
0.5619616
0.40879902
-0.007689558
0.53950983
0.3744413
-0.011081528
0.5344535
0.34128743
-0.014457486
0.49036604
0.42080572
0.0011231626
0.4484982
0.41448253
-0.0018394623
0.42322528
0.41209638
-0.0061590197
0.40331674
0.40964234
-0.0098453285
0.47792807
0.4518251
-0.000931666
0.4333524
0.44329372
-0.0024516433
0.40767133
0.43857312
-0.005149007
0.3880354
0.4338873
-0.0074731577
0.47276765
0.48557675
-0.003823023
0.4306028
0.4743214
-0.0062097115
0.4070955
0.46711874
-0.007575492
0.3886434
0.46050766
-0.008541288
0.47323355
0.5202081
-0.0073600905
0.43951544
0.5056718
-0.009211646
0.42186344
0.49588865
-0.007888197
0.40742978
0.48601645
-0.0062131383
0.0
0.0
0.0
0.0
0.0
0.0
0.0
0.0
0.0
0.0
0.0
0.0
0.0
0.0
0.0
0.0
0.0
0.0
0.0
0.0
0.0
0.0
0.0
0.0
0.0
0.0
0.0
0.0
0.0
0.0
0.0
0.0
0.0
0.0
0.0
0.0
0.0
0.0
0.0
0.0
0.0
0.0
0.0
0.0
0.0
0.0
0.0
0.0
0.0
0.0
0.0
0.0
0.0
0.0
0.0
0.0
0.0
0.0
0.0
0.0
0.0
0.0
0.0
0.682232
0.6073741
-0.109021105
0.99966586
0.27678224
0.6942014
-0.113977
0.9988429
0.9218009
0.80095524
-0.56727517
0.9842234
0.19322945
1.043536
-0.09411561
0.6159135
0.5919169
0.5417233
-1.0093272
0.98663104
0.20617521
1.4423434
-0.40075928
0.37477306
0.51967275
0.468966
-1.1337259
0.9590662
0.19221058
1.5643157
-0.4697432
0.37229583
0.5081681
0.45453236
-0.9781644
0.96353954
0.22558661
1.5369807
-0.5490286
0.48003975
0.5185531
0.48818976
-0.9661156
0.9575054
0.24034849
1.4969265
-0.44432774
0.48082542
0.5777446
0.5185052
1.8832462e-07
0.5796716
0.45660585
-0.004935453
0.5623623
0.40962273
-0.008307934
0.5399543
0.37641472
-0.011932937
0.5343143
0.34410226
-0.015301058
0.49093205
0.42170453
0.0012807013
0.4486953
0.41625306
-0.0019405986
0.4232729
0.4143113
-0.006499348
0.403401
0.41208696
-0.010250691
0.47850686
0.4523943
-0.00060157315
0.43282822
0.44440967
-0.0022989332
0.4068225
0.43934128
-0.005128121
0.3871432
0.43388835
-0.0074337055
0.47321957
0.4857172
-0.003377355
0.4301846
0.47552806
-0.005673835
0.406896
0.46806175
-0.0069726715
0.38905457
0.4606291
-0.007841711
0.4737176
0.5200155
-0.0068657175
0.43973443
0.5068648
-0.00844202
0.42193905
0.4976461
-0.0069840336
0.40789333
0.48787126
-0.0051798797
0.0
0.0
0.0
0.0
0.0
0.0
0.0
0.0
0.0
0.0
0.0
0.0
0.0
0.0
0.0
0.0
0.0
0.0
0.0
0.0
0.0
0.0
0.0
0.0
0.0
0.0
0.0
0.0
0.0
0.0
0.0
0.0
0.0
0.0
0.0
0.0
0.0
0.0
0.0
0.0
0.0
0.0
0.0
0.0
0.0
0.0
0.0
0.0
0.0
0.0
0.0
0.0
0.0
0.0
0.0
0.0
0.0
0.0
0.0
0.0
0.0
0.0
0.0
0.68268514
0.6083476
-0.1069559
0.9996588
0.2767555
0.69451374
-0.11430542
0.9988233
0.9223048
0.8026379
-0.5715716
0.9843478
0.19321924
1.0436147
-0.09681545
0.61418194
0.5921067
0.5420973
-1.0146376
0.9871138
0.20865075
1.4408317
-0.40859857
0.37699655
0.5197528
0.46937403
-1.1405641
0.95982236
0.19599143
1.5632087
-0.48120648
0.37570962
0.5081819
0.45457384
-0.9856202
0.96421146
0.23011735
1.5347053
-0.5586604
0.48405463
0.5185632
0.4881588
-0.97224396
0.95830625
0.24422033
1.4945773
-0.45179802
0.4843937
0.57694787
0.51953954
1.9839773e-07
0.57837015
0.45718887
-0.004498644
0.561608
0.41025993
-0.007713278
0.53980356
0.37626585
-0.011331727
0.5343792
0.34295702
-0.014896176
0.49023002
0.4230557
0.0012719746
0.44807324
0.41716006
-0.0021178937
0.42340523
0.41445598
-0.0066622538
0.4039933
0.41097623
-0.01042532
0.4782082
0.45399067
-0.0010801494
0.43322942
0.44278845
-0.0029160383
0.40791738
0.43572503
-0.005770542
0.3887072
0.4286624
-0.008145023
0.4736775
0.48745364
-0.004344965
0.4311658
0.475712
-0.0069435188
0.4078093
0.4675419
-0.008624193
0.38958758
0.45933598
-0.009836665
0.47481263
0.5218763
-0.008275679
0.44069025
0.5082258
-0.01031421
0.4224733
0.49905956
-0.0092912605
0.40747777
0.48926687
-0.007912449
0.0
0.0
0.0
0.0
0.0
0.0
0.0
0.0
0.0
0.0
0.0
0.0
0.0
0.0
0.0
0.0
0.0
0.0
0.0
0.0
0.0
0.0
0.0
0.0
0.0
0.0
0.0
0.0
0.0
0.0
0.0
0.0
0.0
0.0
0.0
0.0
0.0
0.0
0.0
0.0
0.0
0.0
0.0
0.0
0.0
0.0
0.0
0.0
0.0
0.0
0.0
0.0
0.0
0.0
0.0
0.0
0.0
0.0
0.0
0.0
0.0
0.0
0.0
0.68272346
0.6107242
-0.10626717
0.99965495
0.27656737
0.69605094
-0.115835205
0.99879825
0.92273694
0.80374026
-0.5753385
0.98432726
0.19304803
1.0477328
-0.09724443
0.6078532
0.59216964
0.5426438
-1.0159566
0.98757124
0.2087816
1.4424362
-0.41192302
0.37770176
0.5200393
0.4694738
-1.1429006
0.9606672
0.19562836
1.5649548
-0.4842554
0.37899107
0.5083719
0.45460498
-0.9880042
0.9649773
0.22928055
1.5353495
-0.56482446
0.48802695
0.51870954
0.4882019
-0.97404575
0.9592372
0.24373147
1.4950335
-0.4565205
0.48792303
0.5782607
0.52031326
2.0281921e-07
0.5793193
0.4571702
-0.005087345
0.56220704
0.41034207
-0.008924863
0.54015905
0.37669533
-0.01307239
0.5354436
0.34322602
-0.017230568
0.49128506
0.42350745
-0.0006767743
0.4475552
0.41829464
-0.004789592
0.42248815
0.41602167
-0.009691987
0.4027234
0.4127731
-0.01362151
0.4799434
0.4551152
-0.0030193622
0.43341318
0.4447657
-0.0056608934
0.4073517
0.43800983
-0.008916665
0.38771212
0.4311128
-0.011494994
0.47575378
0.48912492
-0.0062051886
0.43201342
0.47767487
-0.009401257
0.4083962
0.46924463
-0.011288759
0.3902825
0.46049547
-0.012492803
0.47684294
0.52377564
-0.0100729475
0.44156083
0.5094597
-0.012515476
0.42319277
0.4998799
-0.011625471
0.4084621
0.4895866
-0.010236965
0.0
0.0
0.0
0.0
0.0
0.0
0.0
0.0
0.0
0.0
0.0
0.0
0.0
0.0
0.0
0.0
0.0
0.0
0.0
0.0
0.0
0.0
0.0
0.0
0.0
0.0
0.0
0.0
0.0
0.0
0.0
0.0
0.0
0.0
0.0
0.0
0.0
0.0
0.0
0.0
0.0
0.0
0.0
0.0
0.0
0.0
0.0
0.0
0.0
0.0
0.0
0.0
0.0
0.0
0.0
0.0
0.0
0.0
0.0
0.0
0.0
0.0
0.0
