0.7179574
0.6440813
-0.25870174
0.9990253
0.3167286
0.65155834
-0.1417038
0.9991365
0.82356834
0.9777479
-0.28594732
0.40639478
0.18867996
0.9969512
-0.45477524
0.63058496
0.8704381
1.3263448
-0.6162633
0.22108532
0.16866204
0.8330084
-1.1037133
0.67807955
0.9020648
1.418433
-0.7082032
0.26039773
0.15854707
0.72073424
-1.280649
0.65039134
0.8574667
1.4054053
-0.7569342
0.36460015
0.18303588
0.68451566
-1.4496559
0.7167238
0.8359493
1.3745968
-0.65441597
0.36326197
0.19999832
0.73197335
-1.2362502
0.6977358
0.0
0.0
0.0
0.0
0.0
0.0
0.0
0.0
0.0
0.0
0.0
0.0
0.0
0.0
0.0
0.0
0.0
0.0
0.0
0.0
0.0
0.0
0.0
0.0
0.0
0.0
0.0
0.0
0.0
0.0
0.0
0.0
0.0
0.0
0.0
0.0
0.0
0.0
0.0
0.0
0.0
0.0
0.0
0.0
0.0
0.0
0.0
0.0
0.0
0.0
0.0
0.0
0.0
0.0
0.0
0.0
0.0
0.0
0.0
0.0
0.0
0.0
0.0
0.17476435
0.77345
3.6289256e-07
0.22011149
0.7382214
-0.017738964
0.2560224
0.6820219
-0.026135828
0.28704938
0.6389899
-0.03436725
0.31571165
0.613901
-0.04257473
0.20135336
0.5881752
-0.0043330193
0.20116358
0.51961553
-0.01451832
0.19944331
0.47816676
-0.025948925
0.19684991
0.44204676
-0.034751907
0.17639956
0.5869722
-0.0067041474
0.17631692
0.51131976
-0.014956827
0.17669548
0.46033037
-0.025612678
0.1766235
0.41741973
-0.03359603
0.15268129
0.5982401
-0.012216456
0.15308033
0.5240512
-0.0211981
0.15741399
0.47741437
-0.029523458
0.16216186
0.43749633
-0.035172287
0.12858915
0.6215686
-0.019972535
0.12288028
0.5667047
-0.02870304
0.12257046
0.5286706
-0.03220387
0.124318875
0.49324563
-0.03415695
0.7172205
0.64412475
-0.25733906
0.99898046
0.32026953
0.6542051
-0.12115662
0.99914175
0.8237464
0.9836422
-0.29381013
0.40253174
0.18113129
1.0081698
-0.47571117
0.64506
0.87129796
1.3398309
-0.59914994
0.23164618
0.16533014
0.79224366
-1.1441534
0.7084629
0.9039773
1.4327643
-0.6908532
0.27639616
0.15799555
0.6707277
-1.3415337
0.6828483
0.8572814
1.4177667
-0.7385827
0.383665
0.18019107
0.6323749
-1.512009
0.7432336
0.834344
1.3873907
-0.6366704
0.3852069
0.19755194
0.6786422
-1.3196163
0.72579277
0.0
0.0
0.0
0.0
0.0
0.0
0.0
0.0
0.0
0.0
0.0
0.0
0.0
0.0
0.0
0.0
0.0
0.0
0.0
0.0
0.0
0.0
0.0
0.0
0.0
0.0
0.0
0.0
0.0
0.0
0.0
0.0
0.0
0.0
0.0
0.0
0.0
0.0
0.0
0.0
0.0
0.0
0.0
0.0
0.0
0.0
0.0
0.0
0.0
0.0
0.0
0.0
0.0
0.0
0.0
0.0
0.0
0.0
0.0
0.0
0.0
0.0
0.0
0.17421053
0.7786977
3.4640013e-07
0.22083569
0.7397458
-0.017066497
0.25500178
0.68304956
-0.02546269
0.2853431
0.6399912
-0.03391694
0.3145677
0.61484796
-0.042679776
0.20006464
0.5924067
-0.0066288407
0.19982456
0.5235803
-0.018079875
0.19798268
0.48242456
-0.030135104
0.19515386
0.44538563
-0.03954477
0.17533106
0.5911993
-0.009871708
0.17604168
0.5134985
-0.019691564
0.17791212
0.4632824
-0.03050209
0.1790789
0.4211071
-0.03885022
0.15171498
0.6034702
-0.016256895
0.15232211
0.52594787
-0.026810471
0.15698618
0.47848088
-0.035634227
0.16168153
0.4379449
-0.04186652
0.12720041
0.6276606
-0.024806136
0.1212863
0.569928
-0.03505538
0.12094474
0.5310258
-0.03960864
0.12232949
0.4948576
-0.042632397
0.7169067
0.6441896
-0.2566387
0.99894595
0.32295582
0.6554251
-0.11758181
0.9991432
0.8247124
0.98758394
-0.29127866
0.39866158
0.17492904
1.0155034
-0.47658283
0.65793717
0.8724391
1.3476402
-0.5865766
0.24074708
0.16337352
0.78856385
-1.2566901
0.73569214
0.9058224
1.4410287
-0.6780753
0.29008046
0.15624517
0.66638106
-1.4478803
0.7118737
0.85726815
1.4253386
-0.7267212
0.39989433
0.1778613
0.6281057
-1.5109502
0.76694614
0.83357257
1.3948662
-0.62439346
0.40407813
0.19589855
0.6745433
-1.3607819
0.7508611
0.0
0.0
0.0
0.0
0.0
0.0
0.0
0.0
0.0
0.0
0.0
0.0
0.0
0.0
0.0
0.0
0.0
0.0
0.0
0.0
0.0
0.0
0.0
0.0
0.0
0.0
0.0
0.0
0.0
0.0
0.0
0.0
0.0
0.0
0.0
0.0
0.0
0.0
0.0
0.0
0.0
0.0
0.0
0.0
0.0
0.0
0.0
0.0
0.0
0.0
0.0
0.0
0.0
0.0
0.0
0.0
0.0
0.0
0.0
0.0
0.0
0.0
0.0
0.17197782
0.7814646
3.6019887e-07
0.21911404
0.7424338
-0.018115314
0.2544831
0.6848194
-0.026533281
0.28504926
0.6411971
-0.03479111
0.3143518
0.6154219
-0.04310399
0.19841483
0.59273523
-0.00627454
0.19903757
0.5239264
-0.017661959
0.19761413
0.4820981
-0.029878942
0.19501083
0.44436523
-0.039391197
0.17365229
0.5912084
-0.008796868
0.17504227
0.5139901
-0.018213108
0.17701441
0.46357125
-0.028853765
0.17825098
0.42116046
-0.03712952
0.15008092
0.60329884
-0.014623073
0.15103102
0.5270864
-0.02478796
0.15576765
0.48031393
-0.03327978
0.16041371
0.44049954
-0.039258763
0.1254501
0.6274929
-0.02280036
0.120110676
0.5707406
-0.032659575
0.11944123
0.5321349
-0.036950693
0.120142944
0.4963995
-0.039754536
0.71647996
0.6440186
-0.24757043
0.9988744
0.32543105
0.6557299
-0.113287255
0.99912924
0.8240156
0.9870135
-0.291295
0.39434028
0.17374012
1.0136793
-0.4861938
0.67061204
0.87185824
1.3407012
-0.60575926
0.24978824
0.16252746
0.7841027
-1.3556608
0.7604603
0.90545166
1.4338077
-0.69874966
0.30298185
0.15569305
0.6643972
-1.5390383
0.738355
0.85486954
1.4169623
-0.7505518
0.41478446
0.1766387
0.6271849
-1.5150012
0.78855026
0.830116
1.3867973
-0.6447209
0.421289
0.19482294
0.6725724
-1.4015237
0.7737268
0.0
0.0
0.0
0.0
0.0
0.0
0.0
0.0
0.0
0.0
0.0
0.0
0.0
0.0
0.0
0.0
0.0
0.0
0.0
0.0
0.0
0.0
0.0
0.0
0.0
0.0
0.0
0.0
0.0
0.0
0.0
0.0
0.0
0.0
0.0
0.0
0.0
0.0
0.0
0.0
0.0
0.0
0.0
0.0
0.0
0.0
0.0
0.0
0.0
0.0
0.0
0.0
0.0
0.0
0.0
0.0
0.0
0.0
0.0
0.0
0.0
0.0
0.0
0.17213842
0.78163713
3.5333758e-07
0.21891065
0.7422853
-0.017745739
0.25349095
0.68432415
-0.02573184
0.28374055
0.64119416
-0.0336628
0.3127817
0.61597973
-0.0416703
0.19784082
0.5914639
-0.0049545425
0.1976439
0.5244376
-0.015771171
0.19623637
0.48417258
-0.027763683
0.1943172
0.44767922
-0.037183948
0.1725549
0.5895769
-0.007590419
0.17287883
0.51305187
-0.016476272
0.17500696
0.4634065
-0.027021144
0.17703193
0.4213897
-0.03528296
0.14875075
0.6018979
-0.013587315
0.14919002
0.52608514
-0.02355224
0.15381634
0.47892532
-0.03220153
0.15886526
0.43826097
-0.03835834
0.12413926
0.6268464
-0.02190114
0.11815622
0.5703597
-0.03164366
0.11748526
0.53174615
-0.035927627
0.11856626
0.49549428
-0.038810775
0.71523637
0.641756
-0.23614192
0.9988519
0.327749
0.6557303
-0.12313604
0.9991404
0.8206585
0.9851005
-0.29077238
0.3989608
0.17381582
1.0134996
-0.5076065
0.6867331
0.8705327
1.3368524
-0.5934996
0.26484472
0.16285756
0.778423
-1.4566094
0.78334343
0.9045485
1.431446
-0.68356913
0.32081375
0.15477945
0.6578461
-1.6389564
0.76295775
0.85356665
1.4148175
-0.7356402
0.4341128
0.17621234
0.62360364
-1.6120284
0.8085453
0.8282172
1.3844615
-0.6320366
0.44273978
0.19469883
0.669313
-1.4832461
0.7949601
0.0
0.0
0.0
0.0
0.0
0.0
0.0
0.0
0.0
0.0
0.0
0.0
0.0
0.0
0.0
0.0
0.0
0.0
0.0
0.0
0.0
0.0
0.0
0.0
0.0
0.0
0.0
0.0
0.0
0.0
0.0
0.0
0.0
0.0
0.0
0.0
0.0
0.0
0.0
0.0
0.0
0.0
0.0
0.0
0.0
0.0
0.0
0.0
0.0
0.0
0.0
0.0
0.0
0.0
0.0
0.0
0.0
0.0
0.0
0.0
0.0
0.0
0.0
0.17248684
0.78261167
3.579719e-07
0.21891677
0.7411851
-0.017475003
0.2533444
0.6826297
-0.025708176
0.28281158
0.6395916
-0.034007695
0.31152475
0.61391234
-0.042441532
0.19651443
0.5903271
-0.005054439
0.19648233
0.5227435
-0.01609332
0.19475147
0.48186922
-0.028478166
0.19185051
0.44409478
-0.038247827
0.17135267
0.5894854
-0.00809065
0.17222369
0.51321816
-0.016946169
0.17404301
0.46344036
-0.02781095
0.17507109
0.4205373
-0.036491815
0.14780909
0.60238737
-0.01441834
0.14851624
0.52771217
-0.024056092
0.15295401
0.48088354
-0.03266133
0.15703623
0.4401796
-0.038940404
0.123467736
0.62738377
-0.023082715
0.11783107
0.5707575
-0.032454204
0.117243044
0.53199005
-0.036494475
0.11774734
0.49564403
-0.03929483
0.71483713
0.6413403
-0.229773
0.9988444
0.32767418
0.6560245
-0.116188206
0.9991462
0.8196767
0.9848187
-0.28823346
0.39561534
0.16987927
1.0148338
-0.50134045
0.69742423
0.8713571
1.3415611
-0.5994364
0.2740809
0.1619632
0.7723321
-1.437528
0.80340767
0.9072437
1.4363686
-0.6945957
0.3338679
0.15242474
0.65127313
-1.6191893
0.7844424
0.8549616
1.420223
-0.74728507
0.44933698
0.17540431
0.61684954
-1.5726501
0.82608217
0.8285276
1.3899834
-0.6395469
0.45998856
0.19471261
0.6603143
-1.4533123
0.81353474
0.0
0.0
0.0
0.0
0.0
0.0
0.0
0.0
0.0
0.0
0.0
0.0
0.0
0.0
0.0
0.0
0.0
0.0
0.0
0.0
0.0
0.0
0.0
0.0
0.0
0.0
0.0
0.0
0.0
0.0
0.0
0.0
0.0
0.0
0.0
0.0
0.0
0.0
0.0
0.0
0.0
0.0
0.0
0.0
0.0
0.0
0.0
0.0
0.0
0.0
0.0
0.0
0.0
0.0
0.0
0.0
0.0
0.0
0.0
0.0
0.0
0.0
0.0
0.17048123
0.7817074
3.5041987e-07
0.21734147
0.7411083
-0.017127983
0.2518971
0.6822092
-0.025105732
0.28185546
0.6378817
-0.0331998
0.31098837
0.61228156
-0.041467723
0.19587837
0.59127575
-0.004676518
0.19570139
0.52348435
-0.015509954
0.19413842
0.48305002
-0.027548043
0.19169743
0.44588962
-0.03702637
0.17067273
0.5900641
-0.007767652
0.17073476
0.5131333
-0.016633008
0.17223723
0.4636156
-0.02723803
0.17329468
0.42103717
-0.035621084
0.14716984
0.60229594
-0.01411809
0.14737466
0.52690667
-0.02379233
0.15154503
0.48002625
-0.031998858
0.15586473
0.43961775
-0.0378945
0.122843094
0.62657195
-0.022787664
0.1169576
0.5699219
-0.031902887
0.11673066
0.53124624
-0.035598937
0.11816302
0.4950233
-0.038140982
0.7142153
0.64123553
-0.2303483
0.9988273
0.32944492
0.6559964
-0.121820584
0.9991533
0.8193668
0.9848303
-0.287668
0.39449954
0.17069864
1.0135771
-0.5026165
0.7076403
0.87190974
1.3485389
-0.59489304
0.28059235
0.16200815
0.773735
-1.4308721
0.8213722
0.9082371
1.4448516
-0.6891565
0.34289405
0.15144247
0.6543807
-1.61082
0.8035188
0.855229
1.4303471
-0.7403748
0.4600357
0.17511143
0.6190914
-1.5600908
0.8416329
0.8285841
1.3995489
-0.634146
0.47239086
0.195645
0.664414
-1.4416951
0.8299883
0.0
0.0
0.0
0.0
0.0
0.0
0.0
0.0
0.0
0.0
0.0
0.0
0.0
0.0
0.0
0.0
0.0
0.0
0.0
0.0
0.0
0.0
0.0
0.0
0.0
0.0
0.0
0.0
0.0
0.0
0.0
0.0
0.0
0.0
0.0
0.0
0.0
0.0
0.0
0.0
0.0
0.0
0.0
0.0
0.0
0.0
0.0
0.0
0.0
0.0
0.0
0.0
0.0
0.0
0.0
0.0
0.0
0.0
0.0
0.0
0.0
0.0
0.0
0.16896912
0.78270537
3.5955242e-07
0.21586736
0.7426935
-0.01869025
0.25092375
0.68400455
-0.02706662
0.28129187
0.6392225
-0.035250492
0.3104444
0.6129809
-0.043396875
0.19478871
0.5925985
-0.00547286
0.19464584
0.5242525
-0.01639924
0.19283092
0.4828779
-0.028495094
0.19015768
0.44506615
-0.038102616
0.16951017
0.5906253
-0.0077632456
0.16978544
0.5135534
-0.01682423
0.17158067
0.46332175
-0.027587688
0.17305173
0.42063612
-0.036093377
0.14577875
0.60236156
-0.0134855015
0.14603886
0.5265064
-0.023464637
0.15067066
0.47949818
-0.032032233
0.1554076
0.4390998
-0.0381703
0.12122838
0.62637895
-0.021659767
0.115154386
0.569876
-0.03131218
0.11414701
0.5312577
-0.035567127
0.114633396
0.49495637
-0.038478047
0.7141271
0.6412274
-0.23150568
0.9988084
0.33078465
0.65596765
-0.12216494
0.9991481
0.81823075
0.9847212
-0.2893867
0.38938645
0.17108941
1.0127085
-0.50010085
0.71302843
0.8719093
1.3455504
-0.59939116
0.28595912
0.16062197
0.7756503
-1.4275901
0.83743316
0.9081604
1.4409276
-0.6930362
0.3517961
0.15049139
0.65661377
-1.6052978
0.8207283
0.8553091
1.4261258
-0.7459948
0.47090784
0.17362502
0.61977184
-1.5586518
0.8557262
0.8286379
1.3955593
-0.63924754
0.48458153
0.1943675
0.6662629
-1.4376805
0.84488136
0.0
0.0
0.0
0.0
0.0
0.0
0.0
0.0
0.0
0.0
0.0
0.0
0.0
0.0
0.0
0.0
0.0
0.0
0.0
0.0
0.0
0.0
0.0
0.0
0.0
0.0
0.0
0.0
0.0
0.0
0.0
0.0
0.0
0.0
0.0
0.0
0.0
0.0
0.0
0.0
0.0
0.0
0.0
0.0
0.0
0.0
0.0
0.0
0.0
0.0
0.0
0.0
0.0
0.0
0.0
0.0
0.0
0.0
0.0
0.0
0.0
0.0
0.0
0.16863266
0.78411055
3.557489e-07
0.2152351
0.7448689
-0.018177137
0.24978843
0.68461597
-0.026176117
0.28026658
0.63916117
-0.034072235
0.3101435
0.61287534
-0.041892424
0.19392289
0.591486
-0.004383653
0.19393769
0.52338016
-0.014786911
0.19249943
0.48249578
-0.026714996
0.18998222
0.44518825
-0.036203936
0.16884577
0.59007704
-0.0068612117
0.16967255
0.5131293
-0.01516126
0.17155084
0.46314368
-0.025533218
0.17278564
0.4205164
-0.03380295
0.14538917
0.6023034
-0.012771547
0.14614968
0.5271947
-0.021953449
0.15051723
0.4805255
-0.030052071
0.15477183
0.44032374
-0.035949696
0.121027656
0.62678283
-0.021152524
0.115431294
0.57034117
-0.030107738
0.1148169
0.5317974
-0.033867575
0.11541908
0.4956305
-0.036459357
0.71376836
0.64068973
-0.2317266
0.9987952
0.33101618
0.65595937
-0.10176702
0.9991474
0.81765974
0.98446244
-0.29735386
0.38632786
0.17150599
1.0120639
-0.48902506
0.71887094
0.8718362
1.3446158
-0.6003242
0.2930513
0.15947047
0.77867585
-1.423399
0.8520326
0.9080221
1.4399495
-0.6974134
0.36186323
0.1498802
0.65859604
-1.6012895
0.8364559
0.85524607
1.4256321
-0.7545606
0.4827008
0.17184934
0.62128276
-1.5594699
0.86858433
0.8285133
1.3950564
-0.64253277
0.49739566
0.1922963
0.66729474
-1.4383142
0.8585011
0.0
0.0
0.0
0.0
0.0
0.0
0.0
0.0
0.0
0.0
0.0
0.0
0.0
0.0
0.0
0.0
0.0
0.0
0.0
0.0
0.0
0.0
0.0
0.0
0.0
0.0
0.0
0.0
0.0
0.0
0.0
0.0
0.0
0.0
0.0
0.0
0.0
0.0
0.0
0.0
0.0
0.0
0.0
0.0
0.0
0.0
0.0
0.0
0.0
0.0
0.0
0.0
0.0
0.0
0.0
0.0
0.0
0.0
0.0
0.0
0.0
0.0
0.0
0.16865174
0.7857286
3.4416598e-07
0.21541122
0.7453079
-0.017779987
0.2498214
0.684455
-0.025629789
0.28019923
0.63842535
-0.033478417
0.31018528
0.6123631
-0.041354325
0.19447583
0.59321797
-0.004350895
0.19433725
0.5252511
-0.014910509
0.19248654
0.48431432
-0.02688748
0.18982479
0.44696373
-0.036439914
0.1692354
0.5913534
-0.0070478297
0.16958983
0.51460075
-0.015754452
0.17095771
0.4645465
-0.026314246
0.17167583
0.42146295
-0.034720536
0.14568695
0.60292196
-0.013116755
0.14644146
0.52792066
-0.02260678
0.15068664
0.48115647
-0.03068661
0.15473744
0.44057167
-0.036577366
0.12100014
0.6267271
-0.021610873
0.116166316
0.5702554
-0.03078431
0.116525054
0.531478
-0.034536436
0.11816617
0.494981
-0.037118755
0.71372473
0.640629
-0.22930002
0.9988057
0.3311326
0.65599334
-0.10526268
0.99916416
0.8176805
0.98436
-0.29261258
0.3843671
0.17174605
1.0116365
-0.48155665
0.72607684
0.873528
1.3427874
-0.59474933
0.29859775
0.15921782
0.7732849
-1.3923066
0.8651431
0.91066706
1.4377605
-0.69011253
0.37031335
0.14868434
0.65265584
-1.5704072
0.850508
0.857437
1.4231436
-0.7443721
0.49289107
0.17111188
0.6174896
-1.5359733
0.8800796
0.83001786
1.3925977
-0.63592607
0.5085515
0.19134775
0.6626942
-1.4106348
0.8706609
0.0
0.0
0.0
0.0
0.0
0.0
0.0
0.0
0.0
0.0
0.0
0.0
0.0
0.0
0.0
0.0
0.0
0.0
0.0
0.0
0.0
0.0
0.0
0.0
0.0
0.0
0.0
0.0
0.0
0.0
0.0
0.0
0.0
0.0
0.0
0.0
0.0
0.0
0.0
0.0
0.0
0.0
0.0
0.0
0.0
0.0
0.0
0.0
0.0
0.0
0.0
0.0
0.0
0.0
0.0
0.0
0.0
0.0
0.0
0.0
0.0
0.0
0.0
0.16872016
0.7843118
3.5889738e-07
0.21525991
0.7431573
-0.01838446
0.25003225
0.6842792
-0.026968688
0.2806502
0.63985753
-0.035524163
0.3103522
0.61326045
-0.044104338
0.19419046
0.5919877
-0.004878444
0.19413264
0.5244992
-0.01578885
0.19270682
0.484087
-0.028099708
0.19042121
0.4464418
-0.037923295
0.16914529
0.59031886
-0.007561256
0.16937447
0.5139699
-0.016526084
0.17112188
0.4641543
-0.02742862
0.17223388
0.42043367
-0.036148336
0.14573509
0.60264814
-0.01368483
0.1459549
0.52817404
-0.023513343
0.15028548
0.4816785
-0.031748123
0.15443587
0.44054666
-0.037715465
0.12128399
0.62721753
-0.022288118
0.11626795
0.57057405
-0.031881317
0.11659321
0.53137344
-0.035887297
0.118082106
0.49401832
-0.038608912
0.71381176
0.6408561
-0.22244585
0.998791
0.33170706
0.65615547
-0.099193424
0.99917376
0.818221
0.9851191
-0.280712
0.38075393
0.17157081
1.0114934
-0.46896753
0.7325122
0.8743299
1.3466016
-0.56827396
0.2968913
0.15934236
0.7736579
-1.3540056
0.87660515
0.9111866
1.4409055
-0.66095656
0.37052128
0.14890772
0.65150625
-1.5302083
0.8626089
0.8578704
1.4262965
-0.7112268
0.49427724
0.17173852
0.61744565
-1.5008256
0.8899905
0.8303688
1.3960421
-0.60749114
0.5110144
0.1919671
0.6627534
-1.374838
0.881121
0.0
0.0
0.0
0.0
0.0
0.0
0.0
0.0
0.0
0.0
0.0
0.0
0.0
0.0
0.0
0.0
0.0
0.0
0.0
0.0
0.0
0.0
0.0
0.0
0.0
0.0
0.0
0.0
0.0
0.0
0.0
0.0
0.0
0.0
0.0
0.0
0.0
0.0
0.0
0.0
0.0
0.0
0.0
0.0
0.0
0.0
0.0
0.0
0.0
0.0
0.0
0.0
0.0
0.0
0.0
0.0
0.0
0.0
0.0
0.0
0.0
0.0
0.0
0.16989644
0.7831299
3.5987009e-07
0.21642762
0.7429127
-0.018324561
0.25053543
0.6835239
-0.026874049
0.28036445
0.6384824
-0.03537972
0.31017002
0.6122965
-0.043785475
0.19413207
0.59100276
-0.0047281017
0.19435027
0.52337104
-0.015451948
0.19299908
0.48294497
-0.02756835
0.19057599
0.44593418
-0.03719922
0.16911504
0.58904254
-0.0072390875
0.16961621
0.51201916
-0.015912745
0.17137907
0.46242064
-0.026446633
0.17245394
0.41970816
-0.034805674
0.14601025
0.600973
-0.013148402
0.14649771
0.5262344
-0.02253471
0.15065807
0.47977805
-0.03046945
0.15466519
0.43936673
-0.036236502
0.12222535
0.6253152
-0.021520982
0.11700693
0.5692928
-0.030570697
0.116934486
0.53049165
-0.034186788
0.11803789
0.4941081
-0.03662116
0.71354353
0.64031327
-0.22247131
0.9988013
0.3316731
0.65647787
-0.10082184
0.99918425
0.8182274
0.9846804
-0.28291303
0.38687125
0.17012164
1.0145501
-0.46962014
0.7416653
0.8743057
1.3457458
-0.5841932
0.3061795
0.15928853
0.77862674
-1.3854617
0.887501
0.91105604
1.4402474
-0.6783787
0.38012874
0.14969157
0.6575391
-1.5635642
0.8742209
0.8578547
1.4253918
-0.7245437
0.5044784
0.17230241
0.6211746
-1.529808
0.89941496
0.83036697
1.395277
-0.6215414
0.52249557
0.19252303
0.6669443
-1.404979
0.89115965
0.0
0.0
0.0
0.0
0.0
0.0
0.0
0.0
0.0
0.0
0.0
0.0
0.0
0.0
0.0
0.0
0.0
0.0
0.0
0.0
0.0
0.0
0.0
0.0
0.0
0.0
0.0
0.0
0.0
0.0
0.0
0.0
0.0
0.0
0.0
0.0
0.0
0.0
0.0
0.0
0.0
0.0
0.0
0.0
0.0
0.0
0.0
0.0
0.0
0.0
0.0
0.0
0.0
0.0
0.0
0.0
0.0
0.0
0.0
0.0
0.0
0.0
0.0
0.1710563
0.78090847
3.6037326e-07
0.2164517
0.74032855
-0.018749267
0.25065154
0.6833263
-0.028515028
0.2804798
0.6388243
-0.038156807
0.30992347
0.6101481
-0.047719482
0.1956871
0.58993316
-0.006380724
0.19562519
0.5215936
-0.018139444
0.19407764
0.48107326
-0.030711342
0.19161238
0.44383964
-0.040489726
0.17076549
0.58769846
-0.008973578
0.17096652
0.5105368
-0.018615022
0.17233363
0.46068907
-0.029445173
0.17322911
0.41762885
-0.037896488
0.14731836
0.59934443
-0.014958545
0.14758828
0.52400726
-0.025084391
0.15153924
0.47726843
-0.03294864
0.15578581
0.43654364
-0.038563732
0.122971706
0.623559
-0.023385208
0.117659025
0.5674958
-0.032879606
0.1177542
0.52871907
-0.03643558
0.11935222
0.49217185
-0.038715713
