0.7350951
0.62681735
-0.28785402
0.9900549
0.3036465
0.64054936
-0.29951555
0.997622
0.8553437
1.0099305
-0.24166794
0.7389518
0.022850651
0.9513938
-0.8334274
0.95970404
0.79572344
1.3606337
-0.7551278
0.47883216
0.17552562
0.87177753
-1.934428
0.9646045
0.79147875
1.4884454
-0.8767017
0.39486176
0.26440746
0.8728653
-2.1097343
0.90833557
0.75283945
1.4474223
-0.9610809
0.450237
0.28843692
0.8003236
-2.1421835
0.91300553
0.7403999
1.4058226
-0.80380785
0.41040072
0.27105737
0.79946214
-1.9064941
0.8928767
0.0
0.0
0.0
0.0
0.0
0.0
0.0
0.0
0.0
0.0
0.0
0.0
0.0
0.0
0.0
0.0
0.0
0.0
0.0
0.0
0.0
0.0
0.0
0.0
0.0
0.0
0.0
0.0
0.0
0.0
0.0
0.0
0.0
0.0
0.0
0.0
0.0
0.0
0.0
0.0
0.0
0.0
0.0
0.0
0.0
0.0
0.0
0.0
0.0
0.0
0.0
0.0
0.0
0.0
0.0
0.0
0.0
0.0
0.0
0.0
0.0
0.0
0.0
0.15993471
0.86219364
2.4041645e-07
0.20304316
0.785427
-0.0039346376
0.2599162
0.73174584
-0.012454559
0.30007282
0.68951243
-0.021474665
0.3152801
0.64645195
-0.03144198
0.30529228
0.7941155
-0.02100045
0.37888202
0.80076337
-0.03576242
0.42345294
0.8046177
-0.04517752
0.45735347
0.80625373
-0.051108364
0.30490366
0.84412843
-0.029868571
0.38374895
0.84521973
-0.042239573
0.434753
0.8441715
-0.050076213
0.47388798
0.84195757
-0.055659242
0.29581332
0.8919481
-0.03852853
0.371822
0.890314
-0.04941802
0.4182811
0.88833004
-0.055979528
0.45239392
0.88489366
-0.060196273
0.2813122
0.9357298
-0.047197722
0.33936226
0.93533015
-0.05608513
0.37686816
0.9308609
-0.058290403
0.4066951
0.92569387
-0.058979303
0.7393026
0.6267458
-0.28612667
0.99051553
0.3035857
0.6399216
-0.2997015
0.99779445
0.8556857
1.0090821
-0.26827773
0.7422733
0.027344886
0.947853
-0.82612085
0.96176946
0.79022634
1.3801254
-0.7831376
0.47816288
0.1527392
0.8828754
-1.9416406
0.966696
0.7704631
1.5062691
-0.90626156
0.3978434
0.24459596
0.8898784
-2.153524
0.9139823
0.7306739
1.4558676
-0.97474843
0.4537541
0.2667851
0.81360453
-2.1781523
0.9185161
0.72506064
1.4148253
-0.822508
0.413947
0.25047135
0.8120426
-1.9394691
0.89966136
0.0
0.0
0.0
0.0
0.0
0.0
0.0
0.0
0.0
0.0
0.0
0.0
0.0
0.0
0.0
0.0
0.0
0.0
0.0
0.0
0.0
0.0
0.0
0.0
0.0
0.0
0.0
0.0
0.0
0.0
0.0
0.0
0.0
0.0
0.0
0.0
0.0
0.0
0.0
0.0
0.0
0.0
0.0
0.0
0.0
0.0
0.0
0.0
0.0
0.0
0.0
0.0
0.0
0.0
0.0
0.0
0.0
0.0
0.0
0.0
0.0
0.0
0.0
0.14595598
0.8525855
3.1133175e-07
0.19152504
0.77865046
-0.0020097266
0.25014913
0.72712934
-0.009896856
0.28856903
0.6847162
-0.0183987
0.3033385
0.6412722
-0.028151302
0.2888938
0.7890163
-0.023070557
0.36332002
0.79731363
-0.03871254
0.40941593
0.8019279
-0.048065703
0.4437536
0.8046859
-0.05357797
0.28748176
0.83842456
-0.03253496
0.36820805
0.8424669
-0.044752095
0.4202416
0.8430172
-0.051764175
0.46030146
0.8413912
-0.05697575
0.27821404
0.885948
-0.041342594
0.35567188
0.8862491
-0.051587675
0.4021915
0.88518775
-0.057363607
0.43630406
0.8808818
-0.061326616
0.26382166
0.9299026
-0.049877815
0.32222658
0.93150866
-0.05850157
0.3599565
0.92841643
-0.06056822
0.39019588
0.9235831
-0.061332896
0.74162656
0.62702245
-0.31977126
0.99059486
0.30234486
0.63983274
-0.33302873
0.99791986
0.855883
1.0090824
-0.34088477
0.73724765
0.027096217
0.94648194
-0.83036834
0.9633655
0.7855147
1.379097
-0.888062
0.4679677
0.14584675
0.8815177
-1.957818
0.96808946
0.76225984
1.4975321
-1.0166428
0.39265773
0.23832142
0.88569164
-2.1933637
0.9180922
0.7225726
1.4445512
-1.0563877
0.44865546
0.26040238
0.8146893
-2.1928217
0.9226305
0.7188498
1.4056115
-0.9206074
0.40892652
0.24388544
0.8135329
-1.9727688
0.9046833
0.0
0.0
0.0
0.0
0.0
0.0
0.0
0.0
0.0
0.0
0.0
0.0
0.0
0.0
0.0
0.0
0.0
0.0
0.0
0.0
0.0
0.0
0.0
0.0
0.0
0.0
0.0
0.0
0.0
0.0
0.0
0.0
0.0
0.0
0.0
0.0
0.0
0.0
0.0
0.0
0.0
0.0
0.0
0.0
0.0
0.0
0.0
0.0
0.0
0.0
0.0
0.0
0.0
0.0
0.0
0.0
0.0
0.0
0.0
0.0
0.0
0.0
0.0
0.1375747
0.83872014
3.1565463e-07
0.18305944
0.76937425
-0.0027273567
0.24195153
0.7214563
-0.011342476
0.27984798
0.68039536
-0.020457763
0.2946453
0.6366037
-0.031006554
0.28024796
0.78391814
-0.025867205
0.35342798
0.7933168
-0.04206647
0.39838016
0.79912454
-0.051396888
0.43245143
0.80279845
-0.056903485
0.27695483
0.8320193
-0.03528817
0.35672224
0.83785176
-0.048120152
0.4077161
0.8398652
-0.05500297
0.44751006
0.8393218
-0.06008984
0.26544
0.87898886
-0.043992255
0.34178954
0.88176847
-0.055009186
0.3876543
0.8821636
-0.060788963
0.42190102
0.8787838
-0.06464733
0.248995
0.92355853
-0.052407622
0.30766743
0.92638654
-0.061851062
0.3457384
0.9245775
-0.06421895
0.3771366
0.92118967
-0.06514651
0.74449027
0.62730867
-0.31261796
0.99090314
0.303293
0.63968825
-0.32173097
0.9980362
0.85522145
1.0089283
-0.3827783
0.7368485
0.035410605
0.9391682
-0.82504284
0.96354985
0.7686049
1.3670734
-0.9261137
0.46999338
0.13412279
0.8778826
-1.9940506
0.96909064
0.73501885
1.4756694
-1.0544007
0.39805606
0.23121195
0.8820974
-2.2378514
0.9215411
0.69755846
1.4196963
-1.0854075
0.45461562
0.25199854
0.8106356
-2.2186124
0.92624784
0.697328
1.3858303
-0.9530174
0.41379452
0.23680353
0.8089248
-2.0145335
0.90913826
0.0
0.0
0.0
0.0
0.0
0.0
0.0
0.0
0.0
0.0
0.0
0.0
0.0
0.0
0.0
0.0
0.0
0.0
0.0
0.0
0.0
0.0
0.0
0.0
0.0
0.0
0.0
0.0
0.0
0.0
0.0
0.0
0.0
0.0
0.0
0.0
0.0
0.0
0.0
0.0
0.0
0.0
0.0
0.0
0.0
0.0
0.0
0.0
0.0
0.0
0.0
0.0
0.0
0.0
0.0
0.0
0.0
0.0
0.0
0.0
0.0
0.0
0.0
0.13038325
0.8331703
3.0271008e-07
0.17602938
0.76438737
-0.0020643182
0.23494981
0.7176895
-0.0103809275
0.27341792
0.6768931
-0.019125195
0.28840584
0.63333535
-0.02923814
0.27273014
0.77947366
-0.025390903
0.34482762
0.7895983
-0.04057165
0.38865897
0.796365
-0.049081422
0.42176506
0.80082726
-0.054161027
0.2693886
0.8267222
-0.034799125
0.34825397
0.83340883
-0.046516083
0.39791828
0.83633184
-0.0527179
0.43657103
0.8368286
-0.05748239
0.25738862
0.87260574
-0.043352183
0.33324194
0.8770734
-0.0532652
0.37789434
0.878297
-0.0586997
0.4109887
0.875725
-0.06263626
0.24017665
0.9156764
-0.051556144
0.29737887
0.91981053
-0.060212072
0.3346594
0.919182
-0.062461562
0.36545017
0.917146
-0.06345469
0.74563056
0.6272668
-0.30664232
0.99056137
0.30322492
0.63962466
-0.31414098
0.9980875
0.85573876
1.0055629
-0.30817682
0.72153133
0.03515653
0.93549913
-0.7991899
0.96410036
0.79662806
1.368724
-0.8097412
0.45811573
0.12969208
0.87348866
-1.9507204
0.9699196
0.7796699
1.4808371
-0.92784613
0.39255992
0.22713026
0.8766612
-2.1846123
0.924423
0.74177235
1.4315425
-0.99233377
0.4494009
0.25008425
0.8062458
-2.163015
0.9292445
0.7348181
1.3954427
-0.84899557
0.4099635
0.2348971
0.8053534
-1.9674696
0.91299224
0.0
0.0
0.0
0.0
0.0
0.0
0.0
0.0
0.0
0.0
0.0
0.0
0.0
0.0
0.0
0.0
0.0
0.0
0.0
0.0
0.0
0.0
0.0
0.0
0.0
0.0
0.0
0.0
0.0
0.0
0.0
0.0
0.0
0.0
0.0
0.0
0.0
0.0
0.0
0.0
0.0
0.0
0.0
0.0
0.0
0.0
0.0
0.0
0.0
0.0
0.0
0.0
0.0
0.0
0.0
0.0
0.0
0.0
0.0
0.0
0.0
0.0
0.0
0.12461503
0.82274264
3.143787e-07
0.17042731
0.7568631
-0.0016605029
0.22909665
0.7108585
-0.009276546
0.2664103
0.6693729
-0.017510524
0.28096828
0.62709844
-0.027053684
0.26661506
0.7703464
-0.022454562
0.33660895
0.7816891
-0.03688923
0.37971622
0.7889449
-0.04531758
0.4126339
0.7937902
-0.050499987
0.26325688
0.8164495
-0.031942684
0.34049356
0.824986
-0.04289195
0.38948894
0.82907397
-0.049242783
0.4282847
0.83044654
-0.054219462
0.2514984
0.8616339
-0.040748976
0.32586157
0.86811507
-0.049968027
0.37039593
0.8702532
-0.055606965
0.40447062
0.8686443
-0.059836756
0.234784
0.9036744
-0.049248062
0.29049557
0.90903246
-0.056966115
0.32668865
0.91022855
-0.058992755
0.3571332
0.9102689
-0.060059294
0.74612266
0.627245
-0.31626973
0.99111855
0.30321053
0.6398981
-0.2608028
0.99819744
0.8551199
1.005178
-0.5316142
0.73200786
0.035114296
0.9349463
-0.8155142
0.96433127
0.71164095
1.2819895
-1.189719
0.47778696
0.1301957
0.8701367
-2.067861
0.97045803
0.6506232
1.3657383
-1.3363186
0.41092175
0.2260387
0.8680668
-2.3102202
0.92624193
0.620074
1.2951666
-1.3376868
0.46757424
0.25128454
0.798447
-2.2599108
0.93122447
0.63064325
1.2745908
-1.2037953
0.4256242
0.23700193
0.79971766
-2.0789561
0.9154148
0.0
0.0
0.0
0.0
0.0
0.0
0.0
0.0
0.0
0.0
0.0
0.0
0.0
0.0
0.0
0.0
0.0
0.0
0.0
0.0
0.0
0.0
0.0
0.0
0.0
0.0
0.0
0.0
0.0
0.0
0.0
0.0
0.0
0.0
0.0
0.0
0.0
0.0
0.0
0.0
0.0
0.0
0.0
0.0
0.0
0.0
0.0
0.0
0.0
0.0
0.0
0.0
0.0
0.0
0.0
0.0
0.0
0.0
0.0
0.0
0.0
0.0
0.0
0.11931807
0.81233954
3.279412e-07
0.16469006
0.7461128
-0.001896653
0.22149178
0.7002698
-0.010140562
0.25830957
0.66011834
-0.01911553
0.27517995
0.6203589
-0.02928329
0.26044568
0.7595003
-0.022938104
0.33036095
0.7721631
-0.03757786
0.3728851
0.78010035
-0.046099838
0.40569463
0.78519034
-0.051281977
0.25612956
0.80513
-0.032697976
0.33347505
0.8140328
-0.044149194
0.38213915
0.8189349
-0.050880436
0.42098278
0.8210309
-0.055999186
0.24367318
0.8502673
-0.041802153
0.31809452
0.8570158
-0.05155375
0.3627091
0.8601245
-0.05746934
0.3970865
0.8595591
-0.061719283
0.22666095
0.8929526
-0.050608717
0.2826393
0.89921373
-0.058704432
0.3190136
0.90060437
-0.060828283
0.3497719
0.9007102
-0.061800357
0.74670136
0.62743354
-0.31507593
0.9914847
0.30258295
0.64285886
-0.231515
0.99823505
0.85469943
1.0024331
-0.52585566
0.7324086
0.04285524
0.93539536
-0.808908
0.96093094
0.7155169
1.2883508
-1.1350478
0.4807813
0.122850694
0.86882293
-2.0943022
0.97061616
0.6605753
1.3756816
-1.27477
0.41773576
0.21127713
0.8641336
-2.3402483
0.9279255
0.6230733
1.3082147
-1.2942584
0.47575513
0.24008787
0.7935754
-2.2968225
0.93331206
0.6322325
1.2855213
-1.1555269
0.43143275
0.22786126
0.795996
-2.1091812
0.9177069
0.0
0.0
0.0
0.0
0.0
0.0
0.0
0.0
0.0
0.0
0.0
0.0
0.0
0.0
0.0
0.0
0.0
0.0
0.0
0.0
0.0
0.0
0.0
0.0
0.0
0.0
0.0
0.0
0.0
0.0
0.0
0.0
0.0
0.0
0.0
0.0
0.0
0.0
0.0
0.0
0.0
0.0
0.0
0.0
0.0
0.0
0.0
0.0
0.0
0.0
0.0
0.0
0.0
0.0
0.0
0.0
0.0
0.0
0.0
0.0
0.0
0.0
0.0
0.11594215
0.8021178
3.2318962e-07
0.159067
0.7328912
-0.0029659343
0.21224342
0.6871093
-0.011480993
0.24872912
0.6500535
-0.020407762
0.2684393
0.6137717
-0.030353429
0.25648412
0.7476802
-0.022970092
0.32556862
0.7606202
-0.037701767
0.36756736
0.7678897
-0.046399
0.40008318
0.7723289
-0.051527217
0.25259855
0.79336405
-0.03178358
0.32880127
0.80214214
-0.042984232
0.37650937
0.80654365
-0.04937137
0.41472495
0.80819803
-0.05424676
0.2406954
0.8380606
-0.040180802
0.31352836
0.84474623
-0.04970833
0.35750052
0.8481766
-0.055145357
0.3913694
0.84800625
-0.059065234
0.22437048
0.8801548
-0.0484152
0.28063938
0.8858678
-0.056610882
0.31671032
0.886824
-0.058665246
0.34737659
0.88615984
-0.059484925
0.74753356
0.62767196
-0.34007898
0.9920195
0.30560318
0.6403293
-0.18370928
0.99829507
0.85276777
1.0020128
-0.6781169
0.7454325
0.0649567
0.92396533
-0.7951661
0.9567671
0.6820337
1.2581656
-1.3425875
0.5071605
0.1109066
0.8618187
-2.1441905
0.9706785
0.6173833
1.338327
-1.4985886
0.44294855
0.18420325
0.853579
-2.394332
0.929044
0.58271056
1.2648112
-1.4917088
0.5007438
0.21807769
0.78371555
-2.3629882
0.9348208
0.5935836
1.2461582
-1.3515625
0.45417434
0.21094635
0.78753316
-2.1668868
0.919459
0.0
0.0
0.0
0.0
0.0
0.0
0.0
0.0
0.0
0.0
0.0
0.0
0.0
0.0
0.0
0.0
0.0
0.0
0.0
0.0
0.0
0.0
0.0
0.0
0.0
0.0
0.0
0.0
0.0
0.0
0.0
0.0
0.0
0.0
0.0
0.0
0.0
0.0
0.0
0.0
0.0
0.0
0.0
0.0
0.0
0.0
0.0
0.0
0.0
0.0
0.0
0.0
0.0
0.0
0.0
0.0
0.0
0.0
0.0
0.0
0.0
0.0
0.0
0.11392832
0.79046637
3.1755033e-07
0.1556488
0.722825
-0.004009268
0.2109829
0.67730165
-0.012715147
0.24940127
0.63854855
-0.021859953
0.26696578
0.597161
-0.032138757
0.25264356
0.73570305
-0.02312194
0.32154152
0.74762464
-0.037891638
0.36359522
0.75412387
-0.046701334
0.39595577
0.7575225
-0.052107915
0.24896441
0.7800641
-0.031694204
0.3237874
0.7888526
-0.04323136
0.37077153
0.7921262
-0.049885698
0.40857482
0.79246086
-0.05497792
0.23741116
0.82436645
-0.039921846
0.30913836
0.83077854
-0.049691737
0.35261494
0.8329474
-0.054780323
0.38660407
0.83166426
-0.058455054
0.22133867
0.8670655
-0.04812673
0.2773169
0.87154067
-0.056317646
0.31334323
0.87146
-0.057941634
0.3440484
0.86978745
-0.058522522
0.7475365
0.6278256
-0.35437655
0.99252105
0.30701855
0.6395553
-0.14472449
0.998339
0.8526797
1.001497
-0.71686184
0.75704104
0.069637254
0.911546
-0.78675944
0.9541252
0.6788842
1.2588624
-1.3688526
0.5300586
0.10223063
0.85266286
-2.1676528
0.97051644
0.6158471
1.341047
-1.5249674
0.46331903
0.17851436
0.8433311
-2.415548
0.92950284
0.58270776
1.2695454
-1.5095359
0.5206914
0.21043321
0.7717894
-2.3833728
0.9356213
0.59212875
1.2508482
-1.3744395
0.4728694
0.20195839
0.7763064
-2.1913648
0.9206922
0.0
0.0
0.0
0.0
0.0
0.0
0.0
0.0
0.0
0.0
0.0
0.0
0.0
0.0
0.0
0.0
0.0
0.0
0.0
0.0
0.0
0.0
0.0
0.0
0.0
0.0
0.0
0.0
0.0
0.0
0.0
0.0
0.0
0.0
0.0
0.0
0.0
0.0
0.0
0.0
0.0
0.0
0.0
0.0
0.0
0.0
0.0
0.0
0.0
0.0
0.0
0.0
0.0
0.0
0.0
0.0
0.0
0.0
0.0
0.0
0.0
0.0
0.0
0.107602
0.7801571
3.3515838e-07
0.15064937
0.71216226
-0.0049960758
0.20893583
0.6666014
-0.014295839
0.24827169
0.62560236
-0.02391499
0.26398173
0.5811238
-0.03470321
0.2468731
0.7214492
-0.02446428
0.3163439
0.73092604
-0.039733797
0.35892433
0.7370003
-0.04887426
0.39166605
0.7404798
-0.054458532
0.24262646
0.76509243
-0.03287367
0.3180542
0.77098775
-0.045220476
0.36624724
0.7729439
-0.052405626
0.4048885
0.7730497
-0.057634044
0.23083685
0.8096359
-0.040891662
0.30353773
0.8121179
-0.051122535
0.34849566
0.8124388
-0.05654934
0.3837793
0.8108774
-0.060229912
0.21482128
0.85291344
-0.048935797
0.2724788
0.85314167
-0.05735449
0.30987233
0.851033
-0.059030667
0.34148055
0.8485689
-0.059532363
0.74757856
0.62867606
-0.35368553
0.9929463
0.3080946
0.6357743
-0.16130763
0.9983579
0.85271204
1.0007706
-0.6655051
0.7650818
0.07012178
0.89962566
-0.7927537
0.94991094
0.68489856
1.2623153
-1.286616
0.54534185
0.09849058
0.83949095
-2.1491933
0.9691418
0.6261284
1.3441503
-1.4320468
0.4782137
0.1750123
0.822857
-2.3928287
0.92727745
0.59252894
1.273944
-1.4268081
0.53612727
0.20874467
0.7546767
-2.3510227
0.9340873
0.6005546
1.2550133
-1.295916
0.48590067
0.19960414
0.7663009
-2.1686563
0.919138
0.0
0.0
0.0
0.0
0.0
0.0
0.0
0.0
0.0
0.0
0.0
0.0
0.0
0.0
0.0
0.0
0.0
0.0
0.0
0.0
0.0
0.0
0.0
0.0
0.0
0.0
0.0
0.0
0.0
0.0
0.0
0.0
0.0
0.0
0.0
0.0
0.0
0.0
0.0
0.0
0.0
0.0
0.0
0.0
0.0
0.0
0.0
0.0
0.0
0.0
0.0
0.0
0.0
0.0
0.0
0.0
0.0
0.0
0.0
0.0
0.0
0.0
0.0
0.10670951
0.7773308
3.169232e-07
0.14637853
0.7055373
-0.0038343542
0.20347852
0.65531
-0.011637661
0.24212593
0.61098033
-0.019744406
0.25728768
0.5657564
-0.028656134
0.24354969
0.70817226
-0.021305297
0.31328
0.7124188
-0.034616865
0.35529447
0.714459
-0.042102065
0.38696307
0.7152253
-0.046445746
0.24197462
0.7516093
-0.029098226
0.31783444
0.7512818
-0.038956787
0.3654698
0.750412
-0.044487298
0.4026355
0.7494009
-0.048577826
0.23260334
0.7955666
-0.03644709
0.30476823
0.79255015
-0.04441851
0.34811166
0.7903248
-0.048368648
0.38152403
0.78759056
-0.05117111
0.21903506
0.8372131
-0.043792482
0.27512065
0.83391446
-0.05026859
0.31063792
0.83025265
-0.05071575
0.3399685
0.8268551
-0.05034785
0.7468673
0.6282882
-0.35389623
0.99333036
0.30806005
0.63717306
-0.14404753
0.99830204
0.85268605
0.999734
-0.6427514
0.7721727
0.06765722
0.90233475
-0.7479241
0.94486684
0.6841679
1.2590944
-1.2425134
0.5518537
0.09574328
0.83520514
-2.0795338
0.9666134
0.626689
1.3414426
-1.3876357
0.48575103
0.17714939
0.80396366
-2.3220448
0.9233915
0.5905075
1.2718813
-1.3866332
0.5452056
0.21013038
0.7402837
-2.2791612
0.9312775
0.5992919
1.2516372
-1.2534049
0.49104995
0.19952089
0.7579288
-2.1008084
0.9153307
0.0
0.0
0.0
0.0
0.0
0.0
0.0
0.0
0.0
0.0
0.0
0.0
0.0
0.0
0.0
0.0
0.0
0.0
0.0
0.0
0.0
0.0
0.0
0.0
0.0
0.0
0.0
0.0
0.0
0.0
0.0
0.0
0.0
0.0
0.0
0.0
0.0
0.0
0.0
0.0
0.0
0.0
0.0
0.0
0.0
0.0
0.0
0.0
0.0
0.0
0.0
0.0
0.0
0.0
0.0
0.0
0.0
0.0
0.0
0.0
0.0
0.0
0.0
0.10996804
0.7674199
3.2117248e-07
0.14776126
0.6941826
-0.0034364024
0.2015923
0.6434011
-0.011246465
0.23740229
0.5979689
-0.019302059
0.2502592
0.5517465
-0.028175032
0.24241261
0.6935997
-0.02098901
0.31147075
0.69369173
-0.033982836
0.3529269
0.6932173
-0.04143189
0.3842291
0.6922981
-0.045719307
0.24251296
0.737194
-0.028530918
0.31783438
0.7313077
-0.03754046
0.36489874
0.72720665
-0.04268034
0.40121424
0.7237933
-0.046790544
0.23512697
0.78054446
-0.035565186
0.3062792
0.77280074
-0.042672537
0.34890914
0.7679121
-0.046133302
0.3812703
0.7631562
-0.048862297
0.22368942
0.8209012
-0.04259286
0.2786691
0.81435674
-0.04821736
0.31318292
0.8090689
-0.048161626
0.34138343
0.8040573
-0.047606856
0.74611515
0.62871104
-0.3666724
0.99357843
0.30471915
0.63957083
-0.15958355
0.9983023
0.8527233
1.0013063
-0.69973654
0.7820748
0.054612823
0.913276
-0.8238411
0.9447562
0.6555167
1.230344
-1.3033414
0.56737125
0.1012371
0.82089484
-2.1832283
0.9664883
0.5825548
1.2993109
-1.4534639
0.49679056
0.18371789
0.7744334
-2.4342942
0.9226992
0.5511307
1.2193627
-1.4266995
0.5557751
0.21521285
0.71242166
-2.3709357
0.93072134
0.56563795
1.2052544
-1.3037741
0.49876007
0.2042656
0.73138535
-2.1954086
0.91427386
0.0
0.0
0.0
0.0
0.0
0.0
0.0
0.0
0.0
0.0
0.0
0.0
0.0
0.0
0.0
0.0
0.0
0.0
0.0
0.0
0.0
0.0
0.0
0.0
0.0
0.0
0.0
0.0
0.0
0.0
0.0
0.0
0.0
0.0
0.0
0.0
0.0
0.0
0.0
0.0
0.0
0.0
0.0
0.0
0.0
0.0
0.0
0.0
0.0
0.0
0.0
0.0
0.0
0.0
0.0
0.0
0.0
0.0
0.0
0.0
0.0
0.0
0.0
0.115789406
0.76270133
3.1717104e-07
0.14936687
0.6867455
-0.0021829444
0.20161432
0.63236755
-0.008428269
0.23625147
0.5860854
-0.015064184
0.24699186
0.5409224
-0.022446202
0.24465308
0.6788899
-0.01759485
0.31409305
0.67661005
-0.028989298
0.3555885
0.67398703
-0.03542208
0.38618934
0.6706651
-0.03899688
0.24652644
0.7211986
-0.025045095
0.32198656
0.7127351
-0.032287173
0.36850125
0.7062427
-0.036686137
0.4031527
0.6996493
-0.040238943
0.2410367
0.7639645
-0.03200693
0.31177515
0.75316846
-0.037534513
0.35369605
0.7463962
-0.041004006
0.38472384
0.7394899
-0.04384608
0.23146403
0.80432594
-0.038911786
0.28573015
0.7963942
-0.043347936
0.31907237
0.78985107
-0.043176718
0.3456418
0.78342736
-0.042613324
